#
name: ir 0
protocol: UNKNOWN
value: 0xA075CE94
bits: 65
raw: 296,27566,152,27664,230,27744,274,55462,266,27558,86,55584,208,27636,230,55576,27842,80,27806,98,27742,176,27716,274,27514,248,27636,224,27718,168,27696,170,27688,180,27688,176,27606,212,27708,82,27700,230,27690,80,27788,172,27688,278,27580,90,27800,338,27530,168,27718,180,27690,198,10926,9178,4530,594,556,602,574,692,446,690,1608,668,1644,650,500,604,558,618,560,600,1692,570,582,576,582,604,1688,622,534,650,1644,622,1658,632,1686,626,534,602,550,600,556,602,1692,622,530,630,526,654,504,634,526,650,1662,626,1662,604,1688,598,554,600,1688,626,1666,628,1684,604,1684,606,40240,9228,2212,656
#
name: ir 1
protocol: NEC
value: 0x10EFD02F
bits: 32
#
name: nec
protocol: NEC
value: 0x10C8E11E
bits: 32
